0.00
0.00
0.00
1000.00
0.00
1000.00
10.00
20.00
30.00
3500.00
3500.00
3500.00
1000.00
0.00
-1000.00
35.00
35.00
35.00
-450.00
-450.00
-450.00
350.00
350.00
350.00
3500.00
3500.00
1000.00
-1000.00
35.00
35.00
21000.00
4500.00
6000.00
1.00
0.00
4000.00
8000.00
12000.00
16000.00
20000.00
24000.00
28000.00
32000.00
36000.00
0.00
4.00
8.00
12.00
16.00
20.00
24.00
28.00
32.00
36.00
84000.00
88000.00
92000.00
96000.00
0.00
4000.00
8000.00
12000.00
16000.00
20000.00
84.00
88.00
92.00
96.00
0.00
4.00
8.00
12.00
16.00
20.00
